4.474377e+02	4.763985e+02	5.168336e+02	4.742015e+02	5.082398e+02	4.606671e+02	4.969872e+02	4.743462e+02	5.047060e+02	4.936701e+02	4.785870e+02	4.937675e+02	4.911482e+02	5.080073e+02	4.791367e+02	5.140436e+02	4.934965e+02	4.938095e+02	4.843130e+02	4.795807e+02	4.856933e+02	5.127201e+02	4.928744e+02	4.882478e+02	5.162720e+02	4.729724e+02	4.886538e+02	4.846969e+02	4.762854e+02	5.006123e+02	4.955070e+02	4.734677e+02	5.111770e+02	5.092233e+02	4.930478e+02	4.712432e+02	4.952942e+02	4.916302e+02	4.770688e+02	5.066566e+02	5.112952e+02	5.013724e+02	5.217132e+02	4.891138e+02	4.981581e+02	4.807356e+02	5.242498e+02	4.872577e+02	4.756571e+02	5.067037e+02
4.922389e+02	5.123780e+02	4.886565e+02	4.587165e+02	4.897791e+02	4.832552e+02	4.902990e+02	5.028968e+02	4.914138e+02	5.225475e+02	5.137299e+02	4.752953e+02	5.011362e+02	4.970567e+02	5.097131e+02	4.858787e+02	5.219792e+02	4.606374e+02	4.816329e+02	4.855493e+02	4.996541e+02	4.659044e+02	4.851250e+02	4.925730e+02	4.965439e+02	4.685843e+02	5.236361e+02	5.128623e+02	4.733015e+02	4.897163e+02	4.920713e+02	5.087152e+02	4.781843e+02	5.103408e+02	4.954218e+02	5.039187e+02	4.970049e+02	5.075522e+02	4.782718e+02	5.001625e+02	5.145500e+02	5.240703e+02	5.017191e+02	4.936661e+02	5.135382e+02	4.198873e+02	4.879944e+02	4.689467e+02	4.732921e+02	4.981913e+02
5.200002e+02	4.879952e+02	4.930488e+02	5.105769e+02	4.807270e+02	4.689101e+02	4.759456e+02	4.731103e+02	5.134529e+02	5.079952e+02	5.241833e+02	4.945206e+02	5.086195e+02	5.129973e+02	4.985050e+02	5.175541e+02	4.750882e+02	4.890971e+02	4.926701e+02	4.739730e+02	4.820588e+02	5.098392e+02	5.201766e+02	5.095968e+02	4.866369e+02	4.740064e+02	4.682762e+02	5.008336e+02	5.096030e+02	4.995832e+02	5.220660e+02	5.180451e+02	4.773450e+02	4.842437e+02	5.154569e+02	5.148949e+02	5.207489e+02	4.635843e+02	5.147963e+02	4.988328e+02	4.920834e+02	5.107926e+02	4.895468e+02	5.011102e+02	5.038725e+02	4.873450e+02	4.544556e+02	4.775743e+02	4.597387e+02	4.417523e+02
4.804120e+02	4.958870e+02	5.055375e+02	4.976114e+02	4.905216e+02	4.690120e+02	5.286151e+02	4.947120e+02	5.093015e+02	4.846217e+02	4.926021e+02	4.892160e+02	4.712273e+02	4.827436e+02	4.858754e+02	5.015844e+02	4.737993e+02	5.008922e+02	4.993394e+02	4.740934e+02	5.116566e+02	5.112095e+02	4.819061e+02	4.897437e+02	4.820020e+02	4.983272e+02	4.977453e+02	5.218149e+02	5.278714e+02	4.931768e+02	4.940377e+02	4.835392e+02	4.949993e+02	4.922182e+02	4.944865e+02	5.035227e+02	5.048323e+02	4.989750e+02	4.852056e+02	5.183280e+02	5.199950e+02	4.594184e+02	5.035194e+02	5.068206e+02	5.000659e+02	4.790141e+02	4.931548e+02	5.226354e+02	4.798261e+02	4.813521e+02
5.184391e+02	4.953968e+02	4.944248e+02	4.631214e+02	4.996041e+02	4.844692e+02	5.101300e+02	5.272081e+02	4.734345e+02	4.728959e+02	4.681624e+02	5.159670e+02	4.731843e+02	5.121625e+02	4.782456e+02	5.009801e+02	5.038082e+02	5.024985e+02	4.939361e+02	5.389152e+02	4.921898e+02	4.902336e+02	5.082589e+02	4.961448e+02	4.867081e+02	4.829273e+02	4.857363e+02	4.869019e+02	4.991864e+02	5.080928e+02	4.985973e+02	5.007891e+02	4.805705e+02	5.143416e+02	5.204649e+02	4.456612e+02	4.758260e+02	4.684759e+02	4.753963e+02	4.903227e+02	4.581393e+02	4.682728e+02	5.057451e+02	4.847812e+02	4.982388e+02	4.991279e+02	4.972150e+02	5.059221e+02	4.812047e+02	5.001967e+02
4.797309e+02	5.032390e+02	5.164033e+02	4.922973e+02	4.853462e+02	5.165919e+02	5.031258e+02	4.934155e+02	5.117488e+02	4.698401e+02	4.749138e+02	5.048200e+02	4.642455e+02	5.090117e+02	5.160991e+02	5.006922e+02	5.132331e+02	4.913924e+02	4.728437e+02	4.994748e+02	5.361163e+02	4.923975e+02	4.667313e+02	5.164976e+02	4.948179e+02	5.072392e+02	4.850789e+02	5.258492e+02	4.809681e+02	4.396347e+02	5.344335e+02	4.640957e+02	4.971400e+02	5.043711e+02	4.908522e+02	4.965528e+02	5.070048e+02	5.117691e+02	5.358817e+02	5.230204e+02	5.458766e+02	5.099139e+02	4.822480e+02	4.869049e+02	4.809410e+02	4.935188e+02	4.950949e+02	4.749680e+02	4.935244e+02	4.893652e+02
5.169563e+02	5.161031e+02	4.920669e+02	5.336933e+02	4.898290e+02	4.979010e+02	4.902227e+02	4.667511e+02	4.650099e+02	5.134885e+02	5.012778e+02	5.070316e+02	4.888174e+02	5.396214e+02	5.223573e+02	5.148827e+02	5.002340e+02	4.693325e+02	5.142357e+02	5.158696e+02	5.075751e+02	5.156353e+02	4.884762e+02	4.956526e+02	5.034026e+02	4.964070e+02	4.916631e+02	5.272249e+02	5.018560e+02	4.681793e+02	5.140635e+02	4.824970e+02	4.723804e+02	5.116713e+02	4.912947e+02	5.108844e+02	4.764946e+02	4.734520e+02	4.934343e+02	5.132666e+02	5.131743e+02	4.419385e+02	4.914860e+02	5.011709e+02	4.899925e+02	5.106412e+02	4.720643e+02	4.593265e+02	5.282757e+02	4.440013e+02
4.568320e+02	5.263083e+02	4.985352e+02	5.108499e+02	4.835241e+02	5.094905e+02	4.654450e+02	5.371447e+02	5.195612e+02	4.856879e+02	4.773068e+02	5.165104e+02	4.994369e+02	4.644569e+02	5.081791e+02	5.129742e+02	4.622454e+02	4.834760e+02	5.195423e+02	4.873226e+02	5.110700e+02	4.871116e+02	5.251944e+02	4.966845e+02	4.390960e+02	4.958887e+02	5.169413e+02	4.834178e+02	4.728227e+02	5.062565e+02	4.834650e+02	4.954337e+02	4.968844e+02	5.340691e+02	5.111891e+02	4.983040e+02	4.837764e+02	4.805168e+02	5.193339e+02	4.960342e+02	4.794032e+02	4.649385e+02	4.734625e+02	4.916127e+02	4.943840e+02	4.735180e+02	4.963585e+02	4.618634e+02	4.820222e+02	4.772378e+02
4.932517e+02	5.198844e+02	4.768908e+02	5.045636e+02	5.225768e+02	5.168075e+02	5.370007e+02	4.769884e+02	5.179144e+02	5.140521e+02	4.989228e+02	4.927750e+02	4.865214e+02	5.006750e+02	4.980666e+02	4.879040e+02	4.959339e+02	4.875602e+02	4.800605e+02	5.013218e+02	4.711075e+02	4.739280e+02	5.088937e+02	4.954194e+02	4.799109e+02	5.110021e+02	4.778162e+02	4.819851e+02	4.943412e+02	4.745533e+02	5.234588e+02	4.863632e+02	5.294138e+02	4.905951e+02	4.777915e+02	5.209768e+02	4.904957e+02	4.975763e+02	4.982864e+02	5.030313e+02	4.829022e+02	4.691241e+02	4.784795e+02	5.252022e+02	4.961371e+02	4.810842e+02	5.061515e+02	4.494825e+02	5.070591e+02	5.008436e+02
5.072266e+02	4.983907e+02	5.119081e+02	5.043083e+02	4.791262e+02	5.101201e+02	4.735564e+02	4.904088e+02	4.889996e+02	4.861602e+02	5.154510e+02	4.842272e+02	4.853849e+02	5.175126e+02	4.989821e+02	4.827429e+02	4.973674e+02	5.022918e+02	5.261670e+02	4.713034e+02	5.043974e+02	4.651469e+02	5.045905e+02	4.984608e+02	5.030809e+02	4.796519e+02	5.092646e+02	5.043620e+02	4.936782e+02	4.654487e+02	5.363116e+02	5.055880e+02	4.763122e+02	4.642441e+02	5.034803e+02	5.346637e+02	4.993947e+02	4.314760e+02	4.859016e+02	4.994503e+02	5.147797e+02	4.962050e+02	4.767602e+02	5.333531e+02	5.022539e+02	4.892391e+02	4.942030e+02	4.964743e+02	5.190803e+02	4.858983e+02
4.845091e+02	4.616303e+02	5.130175e+02	5.148620e+02	4.880671e+02	4.970866e+02	5.113607e+02	4.868589e+02	5.042743e+02	4.870265e+02	4.974429e+02	5.070471e+02	5.049919e+02	4.993963e+02	4.787233e+02	5.065340e+02	4.915876e+02	5.271538e+02	4.795142e+02	5.171869e+02	4.814686e+02	5.030399e+02	4.924732e+02	4.770861e+02	4.544807e+02	4.836835e+02	5.074238e+02	4.933889e+02	4.941912e+02	4.932513e+02	5.035478e+02	5.245516e+02	4.976380e+02	5.051634e+02	4.786551e+02	5.098209e+02	4.797616e+02	5.025356e+02	4.680386e+02	5.259188e+02	4.784873e+02	4.838860e+02	4.620900e+02	5.197292e+02	4.849931e+02	5.097143e+02	4.946014e+02	5.000036e+02	4.798820e+02	4.875243e+02
4.429461e+02	4.978598e+02	4.878570e+02	4.376011e+02	4.931202e+02	5.041267e+02	5.071064e+02	4.927765e+02	4.889823e+02	4.779992e+02	4.998483e+02	5.017607e+02	4.786018e+02	5.091902e+02	4.208119e+02	5.038980e+02	4.997223e+02	4.841711e+02	4.968829e+02	4.461062e+02	4.396148e+02	4.755814e+02	5.224826e+02	4.754995e+02	4.803619e+02	5.159723e+02	5.385422e+02	4.992504e+02	5.231227e+02	4.692052e+02	4.942005e+02	4.847206e+02	4.944103e+02	4.844496e+02	5.165045e+02	5.156576e+02	5.021113e+02	4.777182e+02	4.942494e+02	4.874010e+02	4.863350e+02	5.282923e+02	4.886226e+02	5.102997e+02	4.917759e+02	4.735242e+02	5.058245e+02	4.765369e+02	5.081070e+02	4.557348e+02
5.054777e+02	4.854439e+02	4.613700e+02	4.858342e+02	4.759849e+02	4.830654e+02	4.529872e+02	5.225609e+02	5.153144e+02	4.683758e+02	4.827177e+02	5.094479e+02	5.192224e+02	4.932656e+02	4.707029e+02	4.979826e+02	4.847115e+02	4.970551e+02	5.208582e+02	4.663906e+02	5.141140e+02	5.019554e+02	5.026488e+02	5.007738e+02	5.028139e+02	4.689334e+02	5.404888e+02	5.200360e+02	5.084185e+02	5.071521e+02	5.016074e+02	4.589702e+02	5.180973e+02	5.403709e+02	4.824248e+02	5.001668e+02	4.826761e+02	5.173417e+02	5.100285e+02	4.833155e+02	5.074934e+02	5.238371e+02	4.941250e+02	4.918305e+02	4.855778e+02	4.938498e+02	5.031635e+02	5.175401e+02	5.297294e+02	5.087519e+02
5.028826e+02	5.052612e+02	5.152090e+02	5.139228e+02	4.911227e+02	5.065533e+02	4.831822e+02	5.000738e+02	4.893541e+02	5.194382e+02	4.751863e+02	4.838692e+02	4.832922e+02	4.563649e+02	4.859738e+02	4.667002e+02	4.769060e+02	4.878311e+02	4.892013e+02	4.829237e+02	5.281611e+02	5.067396e+02	5.078929e+02	5.001074e+02	5.249031e+02	5.123843e+02	4.993750e+02	4.900955e+02	4.788468e+02	4.902216e+02	5.101315e+02	4.813780e+02	5.257933e+02	5.107667e+02	4.835381e+02	4.809871e+02	5.109274e+02	4.852840e+02	4.764241e+02	5.080005e+02	4.869430e+02	4.652694e+02	4.959394e+02	5.052123e+02	4.984311e+02	5.023308e+02	4.711700e+02	4.307360e+02	5.050032e+02	4.585723e+02
5.161193e+02	4.821693e+02	5.185565e+02	4.764582e+02	5.243175e+02	5.238274e+02	5.243210e+02	4.947872e+02	4.928118e+02	5.050963e+02	4.693937e+02	4.942344e+02	5.083694e+02	5.083577e+02	5.121827e+02	5.041193e+02	4.802464e+02	5.047867e+02	4.723943e+02	5.065677e+02	5.087650e+02	5.117547e+02	4.815630e+02	5.264516e+02	5.087106e+02	4.916400e+02	4.811977e+02	4.875588e+02	4.844516e+02	4.626652e+02	5.137596e+02	5.034553e+02	4.947644e+02	4.923835e+02	4.980560e+02	4.929553e+02	4.792931e+02	4.947878e+02	5.013540e+02	5.092747e+02	5.172697e+02	4.825832e+02	4.748289e+02	4.925192e+02	4.422662e+02	4.697571e+02	4.958491e+02	4.930145e+02	4.603167e+02	4.891924e+02
4.889069e+02	4.889967e+02	5.062000e+02	5.054144e+02	4.802601e+02	5.167929e+02	5.120174e+02	4.660872e+02	4.882992e+02	4.835290e+02	4.790591e+02	4.527415e+02	5.147228e+02	5.148916e+02	5.033315e+02	4.736782e+02	4.895052e+02	4.918059e+02	4.865086e+02	4.925195e+02	4.901439e+02	4.927151e+02	4.981286e+02	4.810256e+02	4.897459e+02	5.136452e+02	5.163643e+02	5.034939e+02	4.633129e+02	5.200640e+02	5.145187e+02	4.998626e+02	4.636390e+02	5.019799e+02	5.102667e+02	4.966535e+02	4.790299e+02	4.816277e+02	5.126425e+02	5.110685e+02	4.897195e+02	4.964022e+02	4.693930e+02	4.808054e+02	5.206718e+02	4.870714e+02	4.749346e+02	4.779577e+02	4.855082e+02	4.670931e+02
4.808993e+02	4.894047e+02	4.284729e+02	4.839859e+02	5.013778e+02	5.061140e+02	5.246550e+02	4.992408e+02	5.048460e+02	5.178246e+02	4.963191e+02	4.976002e+02	5.015819e+02	4.870176e+02	5.054752e+02	4.967748e+02	5.160762e+02	5.131577e+02	4.721392e+02	4.774032e+02	4.852291e+02	4.947785e+02	4.867806e+02	4.940317e+02	4.966818e+02	5.181648e+02	5.114988e+02	5.072644e+02	5.030072e+02	5.405256e+02	4.749339e+02	4.872977e+02	5.234722e+02	5.043290e+02	5.028771e+02	4.836633e+02	4.799989e+02	4.846105e+02	4.639871e+02	5.048150e+02	4.495107e+02	5.046193e+02	4.907529e+02	4.875725e+02	4.873122e+02	4.543683e+02	5.016414e+02	5.217773e+02	5.185225e+02	5.153139e+02
5.123429e+02	4.660061e+02	4.777663e+02	4.870061e+02	4.403170e+02	4.892484e+02	4.897887e+02	5.110277e+02	5.332234e+02	5.027432e+02	4.774823e+02	5.157621e+02	4.884519e+02	5.404360e+02	5.050377e+02	5.206389e+02	5.123085e+02	4.983848e+02	4.382585e+02	4.884545e+02	4.858000e+02	4.941743e+02	4.921772e+02	5.040212e+02	4.768721e+02	4.827737e+02	4.939887e+02	5.203290e+02	4.992105e+02	5.261189e+02	5.147718e+02	5.223966e+02	4.690654e+02	4.942971e+02	5.153287e+02	5.036472e+02	4.746237e+02	5.085377e+02	5.113195e+02	5.295854e+02	5.481375e+02	5.067485e+02	4.929196e+02	4.730839e+02	5.079863e+02	5.165393e+02	5.035259e+02	4.868194e+02	5.018336e+02	5.188629e+02
4.729041e+02	4.442579e+02	5.183171e+02	4.894155e+02	4.856831e+02	4.658437e+02	4.760059e+02	5.353115e+02	4.681680e+02	5.063847e+02	4.566639e+02	4.971692e+02	5.126620e+02	5.032672e+02	4.827478e+02	4.817345e+02	5.172278e+02	4.488087e+02	5.274007e+02	5.085380e+02	5.108699e+02	4.514605e+02	5.131995e+02	5.010802e+02	4.952885e+02	4.789968e+02	5.155378e+02	4.763225e+02	5.006436e+02	5.028107e+02	4.864775e+02	5.115417e+02	4.909835e+02	5.161129e+02	4.805041e+02	4.920782e+02	4.931844e+02	4.942604e+02	5.209947e+02	4.616903e+02	5.096477e+02	4.959287e+02	5.071205e+02	4.905273e+02	5.145812e+02	4.820911e+02	5.037842e+02	4.495817e+02	5.121738e+02	4.914352e+02
4.667914e+02	4.816599e+02	5.094712e+02	4.872242e+02	4.856423e+02	5.009010e+02	5.013860e+02	4.872129e+02	5.223913e+02	4.956738e+02	5.216124e+02	4.720887e+02	5.022921e+02	4.705846e+02	4.931352e+02	4.766741e+02	5.034190e+02	5.048248e+02	4.762543e+02	4.872312e+02	4.544165e+02	5.074005e+02	5.056143e+02	5.189138e+02	4.946952e+02	4.480216e+02	4.890378e+02	5.117747e+02	4.917591e+02	5.247752e+02	4.600928e+02	4.419774e+02	5.158618e+02	4.818545e+02	4.942452e+02	5.181338e+02	4.789447e+02	5.255899e+02	5.248795e+02	4.540134e+02	5.272810e+02	5.185707e+02	4.749875e+02	4.653634e+02	4.806270e+02	4.563082e+02	4.490684e+02	4.662660e+02	5.238657e+02	4.882013e+02
