8.827035e+00	8.034899e+00	8.937939e+00	8.302102e+00	9.384782e+00	8.721831e+00	9.078269e+00	8.523543e+00	9.058492e+00	9.752175e+00	1.009535e+01	8.078305e+00	7.902718e+00	8.164301e+00	7.973142e+00	8.737813e+00	9.510144e+00	8.350025e+00	8.462475e+00	8.372254e+00	9.404273e+00	9.644281e+00	9.321701e+00	8.972338e+00	8.950512e+00	1.005939e+01	8.535063e+00	1.051333e+01	9.085917e+00	8.475391e+00	7.824112e+00	8.546128e+00	8.303667e+00	8.149081e+00	8.723374e+00	9.092163e+00	1.146383e+01	7.545403e+00	9.164973e+00	8.009706e+00	6.735553e+00	1.128147e+01	1.026960e+01	8.251171e+00	7.657756e+00	8.383202e+00	7.067318e+00	9.241645e+00	7.777194e+00	8.345092e+00
6.573815e+00	1.117385e+01	9.660600e+00	1.143377e+01	8.334475e+00	8.089194e+00	8.745257e+00	9.602033e+00	7.819812e+00	1.014936e+01	1.022716e+01	9.964085e+00	1.018301e+01	1.017074e+01	7.353432e+00	1.023901e+01	9.702390e+00	8.548505e+00	9.072315e+00	8.554225e+00	8.154414e+00	8.264415e+00	8.772094e+00	8.480737e+00	8.082937e+00	7.419341e+00	9.624761e+00	9.468082e+00	1.051735e+01	8.593175e+00	9.442469e+00	7.466350e+00	9.026413e+00	8.720471e+00	9.740515e+00	1.047652e+01	1.010604e+01	7.831120e+00	8.438050e+00	9.945861e+00	1.060366e+01	8.741130e+00	8.014607e+00	6.913011e+00	9.036852e+00	9.503098e+00	8.668809e+00	9.058149e+00	8.232722e+00	8.949486e+00
9.174281e+00	9.455551e+00	6.949178e+00	8.401936e+00	7.777937e+00	1.023806e+01	8.538839e+00	9.550824e+00	7.547819e+00	1.048651e+01	1.032149e+01	8.571295e+00	8.741612e+00	9.101668e+00	9.358873e+00	1.039096e+01	8.926135e+00	9.267233e+00	1.076751e+01	8.542988e+00	8.805261e+00	8.489280e+00	7.705626e+00	8.970303e+00	8.804082e+00	7.877189e+00	8.020882e+00	7.507507e+00	8.242632e+00	1.153249e+01	9.824037e+00	9.765731e+00	8.885635e+00	7.998972e+00	8.761477e+00	7.821323e+00	8.086315e+00	9.298466e+00	8.448245e+00	8.835957e+00	7.158320e+00	7.331390e+00	7.857313e+00	9.620881e+00	9.472787e+00	8.350083e+00	9.015525e+00	8.061935e+00	7.559545e+00	8.914401e+00
8.206783e+00	9.220822e+00	8.668104e+00	7.739714e+00	8.847735e+00	8.338988e+00	8.233141e+00	9.527431e+00	1.007466e+01	1.242518e+01	8.158923e+00	9.243228e+00	8.693831e+00	8.546555e+00	1.020551e+01	8.568285e+00	7.868797e+00	9.785066e+00	8.185991e+00	9.032247e+00	9.228544e+00	9.091339e+00	8.938749e+00	9.038924e+00	8.055961e+00	7.866175e+00	8.531514e+00	7.379042e+00	6.387551e+00	8.114912e+00	8.371477e+00	7.712917e+00	7.828886e+00	8.038385e+00	9.774454e+00	9.989941e+00	8.368841e+00	8.896551e+00	8.301271e+00	1.023402e+01	8.914072e+00	9.286510e+00	7.735294e+00	8.789902e+00	7.357787e+00	8.022156e+00	7.785087e+00	9.394007e+00	8.496663e+00	9.608821e+00
7.475293e+00	8.470623e+00	9.312206e+00	8.764265e+00	1.004173e+01	7.080716e+00	8.716703e+00	8.334485e+00	8.848169e+00	8.960471e+00	7.419639e+00	8.527691e+00	7.050936e+00	8.617015e+00	9.335658e+00	8.840520e+00	6.832210e+00	9.677190e+00	8.493115e+00	8.599498e+00	9.024866e+00	1.062003e+01	8.946126e+00	8.335680e+00	8.631338e+00	8.945892e+00	9.367803e+00	8.374240e+00	7.823730e+00	8.927720e+00	1.013100e+01	8.876029e+00	9.238648e+00	8.717190e+00	8.964506e+00	9.795601e+00	8.709792e+00	9.482300e+00	8.472133e+00	8.909844e+00	1.158940e+01	7.426056e+00	8.942954e+00	6.508708e+00	8.289568e+00	8.515184e+00	9.112058e+00	8.183505e+00	9.789521e+00	9.782681e+00
7.527475e+00	1.034690e+01	1.018259e+01	8.738103e+00	7.130280e+00	7.495422e+00	1.014862e+01	7.857986e+00	8.187421e+00	8.460026e+00	7.933981e+00	8.374657e+00	9.535763e+00	8.714950e+00	8.803684e+00	9.144573e+00	8.372590e+00	8.446440e+00	6.863843e+00	8.936130e+00	9.465737e+00	7.642260e+00	1.012271e+01	8.202508e+00	8.170299e+00	8.115192e+00	7.556634e+00	8.736032e+00	7.035454e+00	7.617431e+00	7.813426e+00	7.596263e+00	9.791326e+00	7.376601e+00	8.240044e+00	9.218571e+00	1.035436e+01	7.756191e+00	7.740344e+00	7.446384e+00	1.091643e+01	9.599757e+00	8.593734e+00	9.687851e+00	9.580849e+00	7.426986e+00	8.373850e+00	7.691675e+00	9.976577e+00	7.713952e+00
8.635459e+00	7.850541e+00	8.392739e+00	8.261417e+00	8.697429e+00	7.136197e+00	8.553287e+00	8.836562e+00	7.865283e+00	8.611678e+00	8.428764e+00	7.778465e+00	9.196973e+00	1.016584e+01	7.509720e+00	9.434403e+00	1.008524e+01	8.299757e+00	1.102559e+01	8.939294e+00	8.649669e+00	9.570287e+00	8.475700e+00	9.623601e+00	9.391302e+00	7.651850e+00	9.092383e+00	8.745425e+00	8.326291e+00	1.019957e+01	7.754072e+00	9.082348e+00	8.256709e+00	7.818050e+00	8.497143e+00	1.108214e+01	9.290810e+00	9.075069e+00	8.453450e+00	8.952180e+00	9.367547e+00	9.195603e+00	8.483003e+00	8.049356e+00	1.086350e+01	8.840008e+00	1.010202e+01	8.457546e+00	7.990432e+00	8.391857e+00
8.524876e+00	8.781524e+00	9.160968e+00	7.569314e+00	9.376232e+00	8.524627e+00	9.352242e+00	7.316261e+00	8.921188e+00	7.921087e+00	8.763596e+00	9.448732e+00	8.339605e+00	9.490688e+00	8.877311e+00	8.872079e+00	9.020007e+00	9.695169e+00	8.245755e+00	8.858570e+00	7.756891e+00	9.380372e+00	6.665632e+00	9.121820e+00	8.888011e+00	8.862254e+00	8.907688e+00	9.416424e+00	1.069019e+01	8.668637e+00	8.243389e+00	8.684337e+00	7.662833e+00	9.783998e+00	8.945308e+00	9.755795e+00	1.006373e+01	8.296611e+00	7.886135e+00	8.619241e+00	8.315811e+00	7.676907e+00	7.308931e+00	1.036223e+01	7.294722e+00	8.216339e+00	8.718155e+00	1.002672e+01	8.385606e+00	8.534806e+00
9.680571e+00	1.005846e+01	8.656979e+00	8.919070e+00	9.827423e+00	8.262460e+00	9.454549e+00	7.792631e+00	1.048009e+01	1.058587e+01	8.695305e+00	9.476155e+00	8.006376e+00	8.508708e+00	1.068072e+01	7.767701e+00	1.071798e+01	8.026353e+00	8.629915e+00	1.083426e+01	8.300822e+00	8.444920e+00	8.374718e+00	9.620485e+00	7.502817e+00	1.021982e+01	8.313976e+00	9.676916e+00	8.240667e+00	7.575510e+00	8.597766e+00	8.216291e+00	1.038928e+01	9.661322e+00	9.343273e+00	8.474776e+00	8.559301e+00	9.356347e+00	8.093715e+00	6.668144e+00	9.381501e+00	8.575106e+00	1.010062e+01	7.755107e+00	9.614321e+00	8.358420e+00	7.125400e+00	8.961574e+00	1.047824e+01	8.196144e+00
9.281557e+00	8.478799e+00	9.053119e+00	7.249179e+00	9.307399e+00	6.701816e+00	9.252223e+00	6.942825e+00	9.224480e+00	8.121837e+00	8.532929e+00	9.729432e+00	9.335648e+00	8.859968e+00	1.135620e+01	8.502011e+00	7.389641e+00	9.038132e+00	8.876542e+00	7.401043e+00	1.003186e+01	9.786866e+00	8.835677e+00	9.192441e+00	9.181661e+00	9.948065e+00	8.336662e+00	8.014566e+00	9.528351e+00	8.641435e+00	8.898006e+00	9.004783e+00	1.063291e+01	9.702905e+00	7.210753e+00	8.931985e+00	8.667794e+00	8.254498e+00	9.000697e+00	8.555764e+00	1.045459e+01	8.483249e+00	8.427015e+00	9.567565e+00	1.058988e+01	8.939092e+00	7.217708e+00	9.466348e+00	9.902659e+00	8.049717e+00
9.358221e+00	9.166824e+00	8.229673e+00	8.559527e+00	9.213394e+00	8.863979e+00	9.787405e+00	1.069227e+01	8.608035e+00	8.813199e+00	8.331316e+00	8.685111e+00	9.614480e+00	1.044060e+01	7.343696e+00	7.712142e+00	1.076319e+01	7.044184e+00	8.362908e+00	8.673009e+00	8.422735e+00	1.079235e+01	9.257568e+00	9.121009e+00	8.350031e+00	8.166712e+00	7.849981e+00	9.227413e+00	9.649128e+00	8.089449e+00	9.075742e+00	9.625688e+00	1.030963e+01	8.410943e+00	1.012157e+01	8.051941e+00	9.184713e+00	7.185734e+00	9.187873e+00	8.599474e+00	8.344274e+00	6.786115e+00	9.117117e+00	8.340493e+00	7.936763e+00	9.190369e+00	9.198306e+00	1.022975e+01	9.840308e+00	9.402501e+00
6.609724e+00	9.964942e+00	8.777388e+00	7.997271e+00	8.990627e+00	8.102128e+00	7.815818e+00	8.571187e+00	8.230456e+00	8.912870e+00	8.282806e+00	9.134110e+00	9.625132e+00	9.123640e+00	7.581427e+00	6.727528e+00	8.693477e+00	8.553902e+00	8.793901e+00	8.662509e+00	9.038842e+00	1.001557e+01	8.449962e+00	1.140084e+01	9.083793e+00	8.781429e+00	8.060544e+00	9.111700e+00	7.869836e+00	8.277311e+00	8.926747e+00	7.831619e+00	7.971258e+00	9.631127e+00	8.473806e+00	8.807744e+00	8.339957e+00	8.381756e+00	1.250846e+01	8.730805e+00	9.387542e+00	8.535963e+00	8.978942e+00	8.333176e+00	9.449360e+00	9.192437e+00	7.541956e+00	1.021748e+01	1.000012e+01	9.173407e+00
9.003900e+00	8.874280e+00	7.946208e+00	8.175488e+00	8.901960e+00	9.678879e+00	8.705344e+00	7.160784e+00	9.318264e+00	8.065688e+00	9.538782e+00	9.141015e+00	8.986118e+00	9.297791e+00	1.015354e+01	8.778077e+00	8.583452e+00	1.031483e+01	1.058335e+01	7.956258e+00	1.012081e+01	7.937645e+00	8.246607e+00	8.456994e+00	7.939298e+00	8.115422e+00	9.835665e+00	9.083338e+00	1.012494e+01	8.736584e+00	8.665667e+00	1.024668e+01	8.024112e+00	8.476211e+00	9.670771e+00	7.891838e+00	9.062928e+00	8.684754e+00	9.184193e+00	8.583566e+00	8.181992e+00	1.038682e+01	8.717903e+00	7.305585e+00	8.176024e+00	8.668377e+00	8.803393e+00	7.047405e+00	9.051572e+00	1.068865e+01
9.771442e+00	9.581972e+00	7.715638e+00	8.899074e+00	8.101419e+00	7.728870e+00	8.054811e+00	7.520974e+00	8.471816e+00	8.779204e+00	9.917607e+00	9.649463e+00	7.574866e+00	1.037399e+01	7.915787e+00	9.467334e+00	1.026430e+01	8.794991e+00	8.920127e+00	9.249062e+00	8.772455e+00	8.582216e+00	7.918603e+00	6.233198e+00	9.502487e+00	9.208752e+00	1.032024e+01	7.475692e+00	9.903753e+00	9.462530e+00	8.481935e+00	9.440621e+00	7.829424e+00	9.693222e+00	7.937796e+00	8.549022e+00	6.404173e+00	1.068948e+01	7.960405e+00	9.137278e+00	8.093700e+00	9.968395e+00	8.974430e+00	8.237029e+00	7.124996e+00	8.930192e+00	8.540404e+00	9.134508e+00	9.766450e+00	1.104705e+01
8.236418e+00	8.002114e+00	7.367997e+00	8.276187e+00	8.266796e+00	7.694928e+00	9.901178e+00	7.670636e+00	9.420764e+00	8.918928e+00	9.423253e+00	8.865159e+00	9.067136e+00	8.768491e+00	7.813278e+00	8.915000e+00	8.028675e+00	9.103060e+00	9.453310e+00	9.037486e+00	7.651374e+00	1.021910e+01	1.010227e+01	8.965803e+00	6.871749e+00	8.317510e+00	8.783830e+00	9.834293e+00	9.492589e+00	7.813442e+00	1.002196e+01	8.639966e+00	7.662695e+00	9.997776e+00	8.423200e+00	9.166606e+00	8.354543e+00	9.810038e+00	9.356266e+00	9.347665e+00	7.482315e+00	9.041348e+00	7.997379e+00	8.782614e+00	8.277723e+00	8.769348e+00	7.770296e+00	8.492063e+00	7.474549e+00	9.240207e+00
9.783387e+00	7.356419e+00	7.625857e+00	7.913757e+00	8.688110e+00	9.373816e+00	8.506432e+00	9.844848e+00	7.170355e+00	8.635742e+00	8.329359e+00	9.600555e+00	9.734754e+00	7.693538e+00	7.767126e+00	8.204587e+00	9.439236e+00	9.877963e+00	8.101770e+00	9.564867e+00	1.015030e+01	1.061811e+01	8.027371e+00	8.312400e+00	9.766084e+00	8.985019e+00	8.247564e+00	9.394407e+00	8.600630e+00	9.752655e+00	7.934387e+00	7.987507e+00	8.020675e+00	8.933236e+00	8.276289e+00	7.336321e+00	8.134872e+00	7.699973e+00	1.024691e+01	7.953097e+00	7.744429e+00	1.033897e+01	8.355404e+00	8.958608e+00	7.766739e+00	7.874696e+00	1.031085e+01	8.681584e+00	9.064996e+00	7.750814e+00
7.239752e+00	9.744777e+00	8.925670e+00	7.843435e+00	9.042491e+00	8.629431e+00	7.718969e+00	9.027880e+00	9.498970e+00	7.828423e+00	8.270234e+00	1.028805e+01	9.443650e+00	7.100284e+00	9.740587e+00	8.757227e+00	7.537377e+00	8.065079e+00	8.648593e+00	8.956277e+00	9.362590e+00	9.400067e+00	8.503901e+00	8.622571e+00	9.682386e+00	9.502599e+00	9.188211e+00	7.068817e+00	9.368802e+00	9.634034e+00	8.203968e+00	1.004719e+01	1.054007e+01	9.564404e+00	8.513966e+00	8.671622e+00	9.352485e+00	9.220365e+00	8.653435e+00	7.990198e+00	9.157229e+00	7.895175e+00	9.663645e+00	9.104204e+00	7.139761e+00	8.293830e+00	9.163297e+00	7.859927e+00	8.151590e+00	8.994522e+00
7.708260e+00	1.052423e+01	9.390324e+00	9.332412e+00	8.457053e+00	7.652311e+00	7.624018e+00	7.238071e+00	9.103580e+00	7.761805e+00	1.012435e+01	8.811094e+00	9.232012e+00	9.503274e+00	7.632796e+00	8.765473e+00	8.619279e+00	8.306860e+00	7.891809e+00	7.159596e+00	7.647115e+00	9.617202e+00	8.969978e+00	9.098751e+00	8.005378e+00	8.445448e+00	8.396003e+00	7.987044e+00	7.455974e+00	8.858026e+00	9.492605e+00	9.806161e+00	9.288475e+00	9.637740e+00	8.344829e+00	9.721260e+00	9.514485e+00	8.209736e+00	8.017002e+00	9.609518e+00	6.858071e+00	9.862860e+00	8.787120e+00	7.637954e+00	9.160649e+00	8.447363e+00	8.320340e+00	9.508384e+00	6.713072e+00	8.610597e+00
7.233936e+00	9.486978e+00	9.826737e+00	9.416780e+00	9.497164e+00	9.397682e+00	8.029091e+00	1.089624e+01	8.604743e+00	7.695312e+00	9.708078e+00	1.086673e+01	9.276133e+00	8.370603e+00	9.260129e+00	7.903431e+00	7.841277e+00	8.523908e+00	1.040421e+01	9.254296e+00	9.616879e+00	9.480410e+00	7.336364e+00	8.561380e+00	8.220793e+00	9.017641e+00	9.696339e+00	7.639384e+00	7.107118e+00	9.181195e+00	1.064500e+01	9.400097e+00	8.576203e+00	8.861867e+00	9.027483e+00	9.110759e+00	8.880782e+00	1.037359e+01	9.922311e+00	9.671002e+00	9.144010e+00	8.776597e+00	8.595106e+00	8.776076e+00	9.410510e+00	7.517735e+00	7.920151e+00	8.436063e+00	8.842372e+00	8.288241e+00
7.847072e+00	7.537786e+00	9.125571e+00	8.526367e+00	7.584633e+00	9.259150e+00	9.602939e+00	9.005102e+00	8.071794e+00	9.148870e+00	9.230995e+00	9.340604e+00	7.988164e+00	9.039027e+00	8.772436e+00	6.253609e+00	8.528253e+00	8.544040e+00	9.369779e+00	8.780756e+00	9.584972e+00	9.932226e+00	1.051281e+01	8.015267e+00	7.992036e+00	8.602636e+00	8.260801e+00	8.755595e+00	9.524786e+00	8.411828e+00	8.455566e+00	7.606803e+00	6.712836e+00	7.689814e+00	8.022209e+00	8.760256e+00	8.717246e+00	8.171564e+00	7.017862e+00	8.862397e+00	8.041050e+00	9.326339e+00	9.126763e+00	9.733775e+00	1.024719e+01	9.311911e+00	1.038355e+01	7.637038e+00	9.435576e+00	9.196752e+00
