2.019058e+01	2.012999e+01	2.014357e+01	2.021562e+01	2.020768e+01	2.009748e+01	2.014210e+01	2.016660e+01	2.019227e+01	2.017404e+01	2.015548e+01	2.016875e+01	2.015228e+01	2.016277e+01	2.020304e+01	2.016666e+01	2.018666e+01	2.020275e+01	2.014068e+01	2.019614e+01	2.018176e+01	2.016826e+01	2.016002e+01	2.014302e+01	2.018288e+01	2.015081e+01	2.017300e+01	2.019763e+01	2.020471e+01	2.016766e+01	2.018891e+01	2.016058e+01	2.015924e+01	2.012941e+01	2.021200e+01	2.022582e+01	2.017920e+01	2.019230e+01	2.017447e+01	2.017174e+01	2.017527e+01	2.015729e+01	2.017461e+01	2.018514e+01	2.016251e+01	2.015529e+01	2.018657e+01	2.017723e+01	2.016083e+01	2.020405e+01
2.018607e+01	2.013590e+01	2.014279e+01	2.021789e+01	2.017955e+01	2.010532e+01	2.014252e+01	2.016953e+01	2.018389e+01	2.017139e+01	2.017482e+01	2.016845e+01	2.014092e+01	2.017036e+01	2.019794e+01	2.017533e+01	2.019241e+01	2.019825e+01	2.012869e+01	2.019752e+01	2.020197e+01	2.017643e+01	2.017875e+01	2.016983e+01	2.017765e+01	2.015586e+01	2.018257e+01	2.020455e+01	2.020790e+01	2.016809e+01	2.019298e+01	2.017277e+01	2.017279e+01	2.014860e+01	2.022917e+01	2.021217e+01	2.018321e+01	2.017644e+01	2.015563e+01	2.018023e+01	2.018030e+01	2.016974e+01	2.015902e+01	2.020281e+01	2.015603e+01	2.016904e+01	2.019968e+01	2.017839e+01	2.015767e+01	2.019357e+01
2.018848e+01	2.014738e+01	2.014742e+01	2.021519e+01	2.019471e+01	2.010317e+01	2.013589e+01	2.018094e+01	2.017275e+01	2.018523e+01	2.018207e+01	2.015879e+01	2.014396e+01	2.017180e+01	2.018961e+01	2.018352e+01	2.019732e+01	2.020301e+01	2.013980e+01	2.020794e+01	2.020019e+01	2.015497e+01	2.018002e+01	2.016209e+01	2.018423e+01	2.016222e+01	2.018324e+01	2.022450e+01	2.021202e+01	2.014892e+01	2.018657e+01	2.016682e+01	2.015908e+01	2.014217e+01	2.021585e+01	2.023138e+01	2.018067e+01	2.019913e+01	2.017747e+01	2.017901e+01	2.018778e+01	2.015953e+01	2.018000e+01	2.018760e+01	2.016006e+01	2.015109e+01	2.018761e+01	2.016633e+01	2.016940e+01	2.018895e+01
2.020969e+01	2.013211e+01	2.012977e+01	2.023434e+01	2.017339e+01	2.008765e+01	2.014882e+01	2.017228e+01	2.018055e+01	2.017794e+01	2.016634e+01	2.016301e+01	2.014458e+01	2.016527e+01	2.019258e+01	2.018282e+01	2.018514e+01	2.018710e+01	2.012990e+01	2.019640e+01	2.018926e+01	2.016653e+01	2.017083e+01	2.015956e+01	2.018612e+01	2.016760e+01	2.018693e+01	2.020297e+01	2.021388e+01	2.016649e+01	2.020688e+01	2.018420e+01	2.014948e+01	2.013662e+01	2.020954e+01	2.022431e+01	2.015723e+01	2.019373e+01	2.016756e+01	2.018797e+01	2.018384e+01	2.017103e+01	2.017383e+01	2.020468e+01	2.014794e+01	2.014909e+01	2.020571e+01	2.017480e+01	2.017296e+01	2.017932e+01
2.018663e+01	2.013450e+01	2.014832e+01	2.021679e+01	2.018856e+01	2.009622e+01	2.014197e+01	2.015937e+01	2.017165e+01	2.017871e+01	2.016783e+01	2.018629e+01	2.013310e+01	2.015583e+01	2.020553e+01	2.016665e+01	2.017581e+01	2.019618e+01	2.012902e+01	2.019088e+01	2.019332e+01	2.016595e+01	2.018184e+01	2.016371e+01	2.017498e+01	2.015615e+01	2.019398e+01	2.021553e+01	2.021828e+01	2.018026e+01	2.018498e+01	2.015654e+01	2.016859e+01	2.014208e+01	2.021298e+01	2.021142e+01	2.019205e+01	2.020460e+01	2.017152e+01	2.017086e+01	2.017661e+01	2.017049e+01	2.017848e+01	2.019362e+01	2.015826e+01	2.016222e+01	2.020742e+01	2.017868e+01	2.015312e+01	2.018188e+01
2.017108e+01	2.014554e+01	2.014384e+01	2.020501e+01	2.018975e+01	2.010731e+01	2.015054e+01	2.017803e+01	2.019365e+01	2.015960e+01	2.016762e+01	2.015204e+01	2.014180e+01	2.016226e+01	2.018102e+01	2.017763e+01	2.019548e+01	2.018233e+01	2.013227e+01	2.019348e+01	2.019893e+01	2.017468e+01	2.017976e+01	2.016315e+01	2.016347e+01	2.015093e+01	2.017038e+01	2.021742e+01	2.020678e+01	2.018746e+01	2.018967e+01	2.014746e+01	2.016097e+01	2.014324e+01	2.020771e+01	2.022640e+01	2.017699e+01	2.017534e+01	2.014585e+01	2.018715e+01	2.016891e+01	2.016297e+01	2.014751e+01	2.019656e+01	2.017925e+01	2.017044e+01	2.020247e+01	2.018377e+01	2.016213e+01	2.021507e+01
2.019607e+01	2.012752e+01	2.014978e+01	2.022088e+01	2.018964e+01	2.007899e+01	2.014134e+01	2.017527e+01	2.018232e+01	2.016793e+01	2.016773e+01	2.017476e+01	2.015549e+01	2.016787e+01	2.020492e+01	2.017621e+01	2.018552e+01	2.019556e+01	2.014030e+01	2.018847e+01	2.018064e+01	2.016724e+01	2.015495e+01	2.017239e+01	2.018088e+01	2.015353e+01	2.017814e+01	2.021461e+01	2.020693e+01	2.016127e+01	2.017493e+01	2.016578e+01	2.015380e+01	2.014476e+01	2.020659e+01	2.022306e+01	2.018970e+01	2.018007e+01	2.014942e+01	2.018283e+01	2.016409e+01	2.016133e+01	2.018865e+01	2.019716e+01	2.017259e+01	2.016163e+01	2.019269e+01	2.018914e+01	2.015507e+01	2.020038e+01
2.020581e+01	2.013274e+01	2.014585e+01	2.021052e+01	2.017428e+01	2.010112e+01	2.014461e+01	2.017420e+01	2.019491e+01	2.014847e+01	2.017013e+01	2.015635e+01	2.013771e+01	2.016339e+01	2.019871e+01	2.018176e+01	2.017789e+01	2.020474e+01	2.012545e+01	2.020933e+01	2.019614e+01	2.017003e+01	2.017389e+01	2.015417e+01	2.019523e+01	2.015119e+01	2.018037e+01	2.020769e+01	2.021522e+01	2.017097e+01	2.017537e+01	2.017836e+01	2.015290e+01	2.014502e+01	2.019727e+01	2.023788e+01	2.018011e+01	2.019738e+01	2.017322e+01	2.019255e+01	2.018215e+01	2.015955e+01	2.018013e+01	2.018503e+01	2.015917e+01	2.016215e+01	2.019716e+01	2.017917e+01	2.015596e+01	2.020177e+01
2.019773e+01	2.014309e+01	2.014071e+01	2.020789e+01	2.019325e+01	2.010510e+01	2.014851e+01	2.017577e+01	2.018461e+01	2.018512e+01	2.018328e+01	2.016920e+01	2.014035e+01	2.016999e+01	2.017838e+01	2.016402e+01	2.019595e+01	2.018705e+01	2.013468e+01	2.019187e+01	2.018994e+01	2.017213e+01	2.017290e+01	2.017198e+01	2.017461e+01	2.015262e+01	2.018143e+01	2.021538e+01	2.020267e+01	2.015641e+01	2.018593e+01	2.015604e+01	2.013134e+01	2.015674e+01	2.020682e+01	2.022394e+01	2.016384e+01	2.018148e+01	2.015472e+01	2.016180e+01	2.018600e+01	2.014953e+01	2.019055e+01	2.017744e+01	2.016932e+01	2.015912e+01	2.018659e+01	2.017443e+01	2.016816e+01	2.019385e+01
2.017797e+01	2.011682e+01	2.015995e+01	2.021803e+01	2.020878e+01	2.011871e+01	2.014969e+01	2.016823e+01	2.019959e+01	2.017678e+01	2.016366e+01	2.015353e+01	2.013898e+01	2.014878e+01	2.021120e+01	2.018763e+01	2.019364e+01	2.019699e+01	2.014266e+01	2.020605e+01	2.019311e+01	2.016434e+01	2.018052e+01	2.015488e+01	2.018092e+01	2.015732e+01	2.018028e+01	2.019159e+01	2.021428e+01	2.018611e+01	2.017566e+01	2.017751e+01	2.016077e+01	2.014460e+01	2.019904e+01	2.022157e+01	2.020209e+01	2.017923e+01	2.015298e+01	2.019115e+01	2.019148e+01	2.017163e+01	2.018518e+01	2.017463e+01	2.016157e+01	2.016005e+01	2.020326e+01	2.017343e+01	2.016480e+01	2.019266e+01
2.018981e+01	2.014039e+01	2.013874e+01	2.020492e+01	2.017766e+01	2.010772e+01	2.014673e+01	2.015525e+01	2.018044e+01	2.018012e+01	2.016374e+01	2.018108e+01	2.014762e+01	2.014551e+01	2.019145e+01	2.018330e+01	2.019840e+01	2.020330e+01	2.013414e+01	2.021195e+01	2.020417e+01	2.015455e+01	2.017865e+01	2.015667e+01	2.019213e+01	2.015802e+01	2.014326e+01	2.022306e+01	2.021176e+01	2.018956e+01	2.016873e+01	2.017371e+01	2.017736e+01	2.015359e+01	2.021690e+01	2.020276e+01	2.019318e+01	2.018126e+01	2.015866e+01	2.018299e+01	2.018454e+01	2.017599e+01	2.018180e+01	2.017851e+01	2.014983e+01	2.015231e+01	2.019126e+01	2.017695e+01	2.016018e+01	2.018746e+01
2.018130e+01	2.011627e+01	2.014101e+01	2.021213e+01	2.018568e+01	2.008864e+01	2.012735e+01	2.017136e+01	2.016627e+01	2.017806e+01	2.014904e+01	2.015293e+01	2.015625e+01	2.016940e+01	2.019884e+01	2.016597e+01	2.017532e+01	2.019112e+01	2.013144e+01	2.018986e+01	2.019262e+01	2.016174e+01	2.016238e+01	2.015902e+01	2.018063e+01	2.015090e+01	2.016796e+01	2.019166e+01	2.022842e+01	2.017171e+01	2.016278e+01	2.017888e+01	2.014641e+01	2.013722e+01	2.019691e+01	2.021252e+01	2.018087e+01	2.019366e+01	2.016048e+01	2.018396e+01	2.018275e+01	2.017523e+01	2.018937e+01	2.019362e+01	2.016118e+01	2.016239e+01	2.018601e+01	2.017390e+01	2.015854e+01	2.018041e+01
2.019037e+01	2.013203e+01	2.014939e+01	2.023238e+01	2.018178e+01	2.011081e+01	2.014806e+01	2.016445e+01	2.017743e+01	2.019815e+01	2.017800e+01	2.017176e+01	2.015473e+01	2.014851e+01	2.021178e+01	2.017609e+01	2.019063e+01	2.020471e+01	2.012956e+01	2.021036e+01	2.018279e+01	2.016588e+01	2.017705e+01	2.016055e+01	2.018329e+01	2.014778e+01	2.016724e+01	2.021557e+01	2.018746e+01	2.018442e+01	2.018202e+01	2.017006e+01	2.016243e+01	2.013881e+01	2.020307e+01	2.022700e+01	2.017515e+01	2.020527e+01	2.017210e+01	2.017703e+01	2.018182e+01	2.018663e+01	2.017397e+01	2.020800e+01	2.017427e+01	2.015305e+01	2.020473e+01	2.018117e+01	2.014603e+01	2.020084e+01
2.019251e+01	2.013311e+01	2.014110e+01	2.020076e+01	2.020693e+01	2.011244e+01	2.014006e+01	2.018487e+01	2.018214e+01	2.017573e+01	2.016543e+01	2.016110e+01	2.013998e+01	2.016290e+01	2.020243e+01	2.017114e+01	2.018185e+01	2.020562e+01	2.011557e+01	2.020574e+01	2.018525e+01	2.016919e+01	2.016319e+01	2.015432e+01	2.017053e+01	2.016005e+01	2.017781e+01	2.022297e+01	2.021602e+01	2.017288e+01	2.017381e+01	2.017995e+01	2.016671e+01	2.013746e+01	2.019959e+01	2.022090e+01	2.019918e+01	2.019531e+01	2.016223e+01	2.017583e+01	2.019514e+01	2.017266e+01	2.018005e+01	2.018792e+01	2.015495e+01	2.015376e+01	2.019123e+01	2.017380e+01	2.015331e+01	2.019885e+01
2.019011e+01	2.013441e+01	2.014375e+01	2.022659e+01	2.018826e+01	2.010862e+01	2.015735e+01	2.017958e+01	2.016452e+01	2.017993e+01	2.015397e+01	2.016795e+01	2.013324e+01	2.016712e+01	2.020523e+01	2.017087e+01	2.018010e+01	2.020416e+01	2.013926e+01	2.020046e+01	2.018188e+01	2.015154e+01	2.016097e+01	2.016216e+01	2.016805e+01	2.015633e+01	2.019006e+01	2.021175e+01	2.022748e+01	2.015897e+01	2.016583e+01	2.015633e+01	2.017881e+01	2.014913e+01	2.019914e+01	2.021720e+01	2.018811e+01	2.018324e+01	2.017712e+01	2.019063e+01	2.019185e+01	2.014738e+01	2.018593e+01	2.019337e+01	2.015981e+01	2.015746e+01	2.020127e+01	2.017986e+01	2.013315e+01	2.018262e+01
2.018357e+01	2.013912e+01	2.014562e+01	2.022415e+01	2.018900e+01	2.010867e+01	2.013893e+01	2.018585e+01	2.019075e+01	2.017680e+01	2.018296e+01	2.016138e+01	2.013283e+01	2.017421e+01	2.017979e+01	2.016876e+01	2.019087e+01	2.019709e+01	2.012982e+01	2.018335e+01	2.020418e+01	2.015929e+01	2.017645e+01	2.014612e+01	2.018800e+01	2.015001e+01	2.018528e+01	2.021879e+01	2.021580e+01	2.016575e+01	2.017444e+01	2.015679e+01	2.016326e+01	2.014223e+01	2.021198e+01	2.022178e+01	2.019023e+01	2.016686e+01	2.017240e+01	2.017658e+01	2.019748e+01	2.016911e+01	2.016778e+01	2.019888e+01	2.016299e+01	2.014901e+01	2.019983e+01	2.017044e+01	2.016321e+01	2.019380e+01
2.020428e+01	2.011566e+01	2.013816e+01	2.022320e+01	2.019728e+01	2.009961e+01	2.013939e+01	2.018350e+01	2.016266e+01	2.017173e+01	2.016041e+01	2.017096e+01	2.012653e+01	2.017008e+01	2.018961e+01	2.017994e+01	2.020411e+01	2.020942e+01	2.011409e+01	2.019290e+01	2.018137e+01	2.016514e+01	2.017750e+01	2.015979e+01	2.018404e+01	2.015553e+01	2.018585e+01	2.021281e+01	2.021004e+01	2.017676e+01	2.017915e+01	2.016982e+01	2.016335e+01	2.013633e+01	2.019929e+01	2.021971e+01	2.019893e+01	2.018952e+01	2.015180e+01	2.017985e+01	2.019771e+01	2.015528e+01	2.017123e+01	2.018144e+01	2.015592e+01	2.015942e+01	2.019955e+01	2.016993e+01	2.017178e+01	2.018984e+01
2.019361e+01	2.014524e+01	2.015515e+01	2.021407e+01	2.018662e+01	2.010712e+01	2.015490e+01	2.016962e+01	2.018943e+01	2.018404e+01	2.017326e+01	2.017265e+01	2.014032e+01	2.017286e+01	2.020423e+01	2.018303e+01	2.017798e+01	2.018864e+01	2.012314e+01	2.019644e+01	2.018418e+01	2.015714e+01	2.015227e+01	2.014717e+01	2.017564e+01	2.015828e+01	2.016924e+01	2.023319e+01	2.021404e+01	2.017860e+01	2.016857e+01	2.017439e+01	2.016638e+01	2.014000e+01	2.021622e+01	2.023040e+01	2.020588e+01	2.020114e+01	2.016105e+01	2.016344e+01	2.019442e+01	2.017261e+01	2.017497e+01	2.020527e+01	2.017140e+01	2.017093e+01	2.018446e+01	2.017725e+01	2.016772e+01	2.020123e+01
2.019026e+01	2.013046e+01	2.013796e+01	2.019312e+01	2.016796e+01	2.010171e+01	2.015946e+01	2.016635e+01	2.017351e+01	2.017769e+01	2.016004e+01	2.015629e+01	2.010723e+01	2.015642e+01	2.019389e+01	2.018056e+01	2.020394e+01	2.019752e+01	2.013015e+01	2.018825e+01	2.020392e+01	2.016233e+01	2.017336e+01	2.015282e+01	2.017516e+01	2.015020e+01	2.016357e+01	2.020464e+01	2.020679e+01	2.018275e+01	2.018885e+01	2.016331e+01	2.014516e+01	2.011362e+01	2.021114e+01	2.022095e+01	2.018289e+01	2.017250e+01	2.017406e+01	2.018753e+01	2.017486e+01	2.017432e+01	2.017804e+01	2.019593e+01	2.015409e+01	2.017924e+01	2.020880e+01	2.017399e+01	2.015335e+01	2.020791e+01
2.018807e+01	2.013083e+01	2.014681e+01	2.022794e+01	2.020501e+01	2.010033e+01	2.014182e+01	2.015882e+01	2.018390e+01	2.017847e+01	2.016602e+01	2.017541e+01	2.013010e+01	2.016472e+01	2.019374e+01	2.017972e+01	2.019843e+01	2.020830e+01	2.012506e+01	2.018986e+01	2.018687e+01	2.015247e+01	2.017869e+01	2.016212e+01	2.019865e+01	2.015192e+01	2.016791e+01	2.019121e+01	2.021765e+01	2.017962e+01	2.018032e+01	2.016379e+01	2.015715e+01	2.013443e+01	2.021264e+01	2.021235e+01	2.018542e+01	2.015429e+01	2.016671e+01	2.018490e+01	2.019507e+01	2.018176e+01	2.018403e+01	2.019829e+01	2.016047e+01	2.017042e+01	2.018684e+01	2.018703e+01	2.016733e+01	2.016896e+01
